M = 0.2;
m = 0.1;
l = 0.3;
I = 1/12 * m * l^2;